5.587102653473381420e-01 5.161351401705421837e-01
5.950254481663906914e-01 1.014680319365832695e-01
9.201720243484123873e-02 1.166749143462464389e-01
6.035405983719028811e-01 2.986841526548910108e-01
8.751271945667442598e-01 2.590962617373687715e-01
2.561413742357048218e-01 9.814893198513907624e-02
3.214959135718515881e-01 1.670784244836870380e-01
4.918460104081547879e-01 6.628810070324518966e-01
3.071662140086217629e-02 4.547343028340468107e-01
6.602169960325737774e-01 9.947272413143780634e-01
4.214405262258704710e-01 5.166147789021257042e-01
4.141285430632618558e-01 9.274266200788654491e-01
5.758582247235568552e-01 6.422414465979523479e-01
2.297689188670162252e-01 3.329129629906524279e-01
5.461541211545237751e-01 9.840127287560900271e-01
5.616896702931983842e-01 3.967663428003747050e-01
8.215229165553115109e-01 9.917743749556344746e-01
2.547495197303240033e-02 7.317931144334772764e-01
1.622267100103468307e-01 9.360432965103360203e-02
2.967781058895577750e-01 1.373743412933267072e-01
1.777684784235448179e-01 9.985322974448365141e-01
6.483338869824880613e-01 2.642964835505748900e-01
3.657356423948550095e-01 8.544886914253555510e-01
6.496914067575511043e-01 9.330132071854485565e-01
6.039523900362778752e-01 1.782745836997321476e-01
